{
 "cells": [
  {
   "cell_type": "code",
   "execution_count": 15,
   "metadata": {
    "collapsed": true,
    "pycharm": {
     "is_executing": false
    }
   },
   "outputs": [
    {
     "name": "stdout",
     "text": [
      "[[ 0.  10.  15.  20.  37.5 12.  16.  20.  26.9 40.  20.2 22.  25.  28.\n",
      "  32.  36.  38.  39.  40.7 45. ]\n",
      " [10.   0.   7.5 17.5 27.5 18.  11.2 12.5 18.  26.9 23.6 20.2 20.6 26.6\n",
      "  36.1 31.6 30.  30.9 34.7 40.7]\n",
      " [15.   7.5  0.  10.  20.  21.  18.  10.  12.5 16.  28.3 25.  20.2 23.\n",
      "  26.  27.  28.  30.  31.6 35. ]\n",
      " [20.  17.5 10.   0.  10.  23.  22.  19.  10.3 15.  36.1 34.  23.6 22.\n",
      "  26.  32.  34.  32.  30.  31. ]\n",
      " [37.5 27.5 20.  10.   0.  43.7 34.  22.4 16.  10.3 44.7 36.1 30.1 22.4\n",
      "  20.2 48.  40.7 36.1 31.6 30. ]\n",
      " [12.  18.  21.  23.  43.7  0.  10.  20.  30.  40.  10.3 12.  22.4 25.\n",
      "  30.  21.  24.  28.  38.2 40. ]\n",
      " [16.  11.2 18.  22.  34.  10.   0.  10.  20.  30.  12.5 13.  14.1 16.\n",
      "  18.  22.  25.  28.  30.1 35. ]\n",
      " [20.  12.5 10.  19.  22.4 20.  10.   0.   7.5 15.  22.4 18.  10.3 13.\n",
      "  15.  28.  25.  21.  22.4 25. ]\n",
      " [26.9 18.  12.5 10.3 16.  30.  20.   7.5  0.  10.  29.3 20.2 14.1 10.3\n",
      "  18.  32.  25.  21.4 20.2 23.6]\n",
      " [40.  26.9 16.  15.  10.3 40.  30.  15.  10.   0.  38.8 34.  22.4 20.\n",
      "  18.  40.  39.  28.  21.4 19. ]\n",
      " [20.2 23.6 28.3 36.1 44.7 10.3 12.5 22.4 29.3 38.8  0.  10.  17.5 30.\n",
      "  42.5 10.3 16.  22.4 31.6 41.2]\n",
      " [22.  20.2 25.  34.  36.1 12.  13.  18.  20.2 34.  10.   0.   7.5 15.\n",
      "  21.   9.  12.  18.  22.4 25. ]\n",
      " [25.  20.6 20.2 23.6 30.1 22.4 14.1 10.3 14.1 22.4 17.5  7.5  0.  12.5\n",
      "  25.  18.  11.2 10.3 16.  24.6]\n",
      " [28.  26.6 23.  22.  22.4 25.  16.  13.  10.3 20.  30.  15.  12.5  0.\n",
      "   8.  32.  28.  25.  10.  15. ]\n",
      " [32.  36.1 26.  26.  20.2 30.  18.  15.  18.  18.  42.5 21.  25.   8.\n",
      "   0.  36.  28.  24.  16.  10. ]\n",
      " [36.  31.6 27.  32.  48.  21.  22.  28.  32.  40.  10.3  9.  18.  32.\n",
      "  36.   0.  11.  19.  27.5 36. ]\n",
      " [38.  30.  28.  34.  40.7 24.  25.  25.  25.  39.  16.  12.  11.2 28.\n",
      "  28.  11.   0.  11.  17.5 22. ]\n",
      " [39.  30.9 30.  32.  36.1 28.  28.  21.  21.4 28.  22.4 18.  10.3 25.\n",
      "  24.  19.  11.   0.  10.  22. ]\n",
      " [40.7 34.7 31.6 30.  31.6 38.2 30.1 22.4 20.2 21.4 31.6 22.4 16.  10.\n",
      "  16.  27.5 17.5 10.   0.  10. ]\n",
      " [45.  40.7 35.  31.  30.  40.  35.  25.  23.6 19.  41.2 25.  24.6 15.\n",
      "  10.  36.  22.  22.  10.   0. ]]\n",
      "20\n"
     ],
     "output_type": "stream"
    }
   ],
   "source": [
    "import pandas as pd\n",
    "import numpy as np\n",
    "\n",
    "data = pd.read_excel(\"distancedataess.xlsx\",header=None)\n",
    "list = data.values.tolist()\n",
    "distance_metric = np.array(list)\n",
    "print(distance_metric)\n",
    "city = len(data)\n",
    "print(city)"
   ]
  },
  {
   "cell_type": "code",
   "execution_count": 30,
   "outputs": [
    {
     "name": "stdout",
     "text": [
      "[[0 0 0 0 0 0 0 0 0 0 0 0 0 0 0 0 0 0 0 0]\n",
      " [0 0 0 0 0 0 0 0 0 0 0 0 0 0 0 0 0 0 0 0]\n",
      " [0 0 0 0 0 0 0 0 0 0 0 0 0 0 0 0 0 0 0 0]\n",
      " [0 0 0 0 0 0 0 0 0 0 0 0 0 0 0 0 0 0 0 0]]\n",
      "4\n",
      "20\n",
      "[[0 1 0 0 0 0 0 0 0 0 1 0 0 0 0 1 0 0 0 0]\n",
      " [0 0 0 0 1 0 0 0 1 0 0 0 0 0 0 0 0 1 0 0]\n",
      " [1 0 1 1 0 0 0 1 0 1 0 1 1 0 1 0 0 0 0 0]\n",
      " [0 0 0 0 0 1 1 0 0 0 0 0 0 1 0 0 1 0 1 1]]\n"
     ],
     "output_type": "stream"
    }
   ],
   "source": [
    "serve_center = 4\n",
    "serve_position = np.array([1,8,12,18])\n",
    "#chrome = np.zeros((serve_center,city),dtype=int)\n",
    "#for i in range(city):\n",
    "ch = []\n",
    "chrome = np.zeros((serve_center,city),dtype=int)\n",
    "\n",
    "serve_position = serve_position.tolist()\n",
    "print(chrome)\n",
    "m,n = chrome.shape\n",
    "print(m)\n",
    "print(n)\n",
    "k = 0\n",
    "def q(q, serve_position):\n",
    "    result = 0\n",
    "    for f in serve_position:\n",
    "        if q == f:\n",
    "            result = 1\n",
    "    return result\n",
    "\n",
    "for i in range(city):\n",
    "    if q(i, serve_position) == 1:\n",
    "        chrome[k][i] = 1\n",
    "        k = k+1\n",
    "    else:               \n",
    "        j = np.random.choice(serve_center)\n",
    "        chrome[j][i] = 1\n",
    "print(chrome)\n"
   ],
   "metadata": {
    "collapsed": false,
    "pycharm": {
     "name": "#%%\n",
     "is_executing": false
    }
   }
  },
  {
   "cell_type": "code",
   "execution_count": 3,
   "outputs": [
    {
     "data": {
      "text/plain": "'\\nc = np.matmul(chrome, neighbor_metric)\\ncc = np.multiply(c,chrome)\\na = 0\\nfor i in range(m):\\n    for j in range(n):\\n        if cc[i][j] == 1:\\n            a = a-1\\nprint(a)\\n'"
     },
     "metadata": {},
     "output_type": "execute_result",
     "execution_count": 3
    }
   ],
   "source": [
    "data_nb = pd.read_excel(\"adjacentdata.xlsx\",header=None)       \n",
    "list_nb = data_nb.values.tolist()\n",
    "neighbor_metric = np.array(list_nb)\n",
    "'''\n",
    "c = np.matmul(chrome, neighbor_metric)\n",
    "cc = np.multiply(c,chrome)\n",
    "a = 0\n",
    "for i in range(m):\n",
    "    for j in range(n):\n",
    "        if cc[i][j] == 1:\n",
    "            a = a-1\n",
    "print(a)\n",
    "'''"
   ],
   "metadata": {
    "collapsed": false,
    "pycharm": {
     "name": "#%%\n",
     "is_executing": false
    }
   }
  },
  {
   "cell_type": "code",
   "execution_count": 4,
   "outputs": [
    {
     "name": "stdout",
     "text": [
      "0\n"
     ],
     "output_type": "stream"
    }
   ],
   "source": [
    "# 邻接矩阵约束\n",
    "def neighbor(ch, neighbor_m):\n",
    "    x = ch.copy()\n",
    "    a = neighbor_m.copy()\n",
    "    c = np.matmul(x, a)\n",
    "    cc = np.multiply(c,x)\n",
    "    k = 0\n",
    "    for i in range(m):\n",
    "        for j in range(n):\n",
    "            if cc[i][j] == 1:\n",
    "                k = k-1\n",
    "    return k\n",
    "\n",
    "print(neighbor(chrome, neighbor_metric))            \n",
    "    \n",
    "\n",
    "        "
   ],
   "metadata": {
    "collapsed": false,
    "pycharm": {
     "name": "#%%\n",
     "is_executing": false
    }
   }
  },
  {
   "cell_type": "code",
   "execution_count": 13,
   "outputs": [
    {
     "name": "stdout",
     "text": [
      "1\n",
      "[array([[0, 1, 0, 0, 0, 0, 1, 1, 0, 0, 1, 0, 0, 0, 0, 0, 0, 0, 0, 0],\n",
      "       [0, 0, 1, 1, 1, 0, 0, 0, 1, 0, 0, 0, 0, 0, 0, 0, 0, 0, 0, 0],\n",
      "       [0, 0, 0, 0, 0, 0, 0, 0, 0, 1, 0, 1, 1, 0, 1, 1, 1, 1, 0, 0],\n",
      "       [1, 0, 0, 0, 0, 1, 0, 0, 0, 0, 0, 0, 0, 1, 0, 0, 0, 0, 1, 1]]), array([[1, 1, 0, 0, 0, 0, 1, 0, 0, 0, 0, 0, 0, 0, 0, 0, 0, 0, 0, 0],\n",
      "       [0, 0, 1, 0, 0, 0, 0, 1, 1, 1, 0, 1, 0, 0, 1, 1, 0, 0, 0, 1],\n",
      "       [0, 0, 0, 0, 0, 1, 0, 0, 0, 0, 1, 0, 1, 1, 0, 0, 0, 0, 0, 0],\n",
      "       [0, 0, 0, 1, 1, 0, 0, 0, 0, 0, 0, 0, 0, 0, 0, 0, 1, 1, 1, 0]]), array([[0, 1, 1, 1, 0, 0, 0, 1, 0, 0, 0, 0, 0, 0, 1, 0, 0, 0, 0, 1],\n",
      "       [0, 0, 0, 0, 1, 1, 0, 0, 1, 1, 1, 1, 0, 0, 0, 1, 1, 0, 0, 0],\n",
      "       [0, 0, 0, 0, 0, 0, 0, 0, 0, 0, 0, 0, 1, 0, 0, 0, 0, 1, 0, 0],\n",
      "       [1, 0, 0, 0, 0, 0, 1, 0, 0, 0, 0, 0, 0, 1, 0, 0, 0, 0, 1, 0]]), array([[0, 1, 1, 0, 0, 0, 0, 0, 0, 0, 0, 0, 0, 0, 0, 0, 0, 0, 0, 0],\n",
      "       [0, 0, 0, 0, 0, 1, 0, 1, 1, 0, 1, 0, 0, 1, 0, 0, 0, 0, 0, 0],\n",
      "       [1, 0, 0, 1, 1, 0, 1, 0, 0, 1, 0, 0, 1, 0, 0, 0, 0, 1, 0, 0],\n",
      "       [0, 0, 0, 0, 0, 0, 0, 0, 0, 0, 0, 1, 0, 0, 1, 1, 1, 0, 1, 1]]), array([[0, 1, 1, 0, 0, 0, 0, 1, 0, 0, 0, 0, 0, 0, 0, 0, 1, 1, 0, 0],\n",
      "       [0, 0, 0, 1, 0, 1, 0, 0, 1, 0, 1, 0, 0, 0, 1, 1, 0, 0, 0, 1],\n",
      "       [0, 0, 0, 0, 0, 0, 0, 0, 0, 0, 0, 1, 1, 0, 0, 0, 0, 0, 0, 0],\n",
      "       [1, 0, 0, 0, 1, 0, 1, 0, 0, 1, 0, 0, 0, 1, 0, 0, 0, 0, 1, 0]]), array([[1, 1, 0, 0, 1, 0, 0, 0, 0, 1, 0, 1, 0, 0, 0, 1, 1, 0, 0, 0],\n",
      "       [0, 0, 0, 0, 0, 1, 0, 1, 1, 0, 1, 0, 0, 0, 0, 0, 0, 0, 0, 0],\n",
      "       [0, 0, 0, 0, 0, 0, 1, 0, 0, 0, 0, 0, 1, 0, 0, 0, 0, 0, 0, 0],\n",
      "       [0, 0, 1, 1, 0, 0, 0, 0, 0, 0, 0, 0, 0, 1, 1, 0, 0, 1, 1, 1]]), array([[0, 1, 1, 0, 0, 0, 0, 1, 0, 0, 0, 0, 0, 0, 0, 0, 0, 0, 0, 0],\n",
      "       [0, 0, 0, 1, 1, 0, 1, 0, 1, 1, 1, 0, 0, 0, 0, 1, 0, 0, 0, 0],\n",
      "       [1, 0, 0, 0, 0, 1, 0, 0, 0, 0, 0, 1, 1, 1, 0, 0, 1, 0, 0, 0],\n",
      "       [0, 0, 0, 0, 0, 0, 0, 0, 0, 0, 0, 0, 0, 0, 1, 0, 0, 1, 1, 1]]), array([[1, 1, 0, 0, 0, 0, 0, 0, 0, 0, 0, 0, 0, 0, 0, 0, 0, 0, 0, 0],\n",
      "       [0, 0, 0, 0, 0, 0, 0, 0, 1, 1, 0, 0, 0, 0, 0, 0, 0, 0, 0, 0],\n",
      "       [0, 0, 0, 0, 0, 0, 1, 0, 0, 0, 0, 0, 1, 0, 1, 0, 0, 1, 0, 1],\n",
      "       [0, 0, 1, 1, 1, 1, 0, 1, 0, 0, 1, 1, 0, 1, 0, 1, 1, 0, 1, 0]]), array([[1, 1, 1, 0, 0, 0, 0, 1, 0, 1, 0, 0, 0, 0, 1, 0, 0, 0, 0, 0],\n",
      "       [0, 0, 0, 0, 0, 0, 0, 0, 1, 0, 0, 1, 0, 1, 0, 0, 1, 0, 0, 0],\n",
      "       [0, 0, 0, 0, 0, 1, 1, 0, 0, 0, 0, 0, 1, 0, 0, 0, 0, 1, 0, 0],\n",
      "       [0, 0, 0, 1, 1, 0, 0, 0, 0, 0, 1, 0, 0, 0, 0, 1, 0, 0, 1, 1]]), array([[0, 1, 1, 0, 0, 0, 0, 0, 0, 0, 0, 0, 0, 0, 0, 0, 0, 0, 0, 0],\n",
      "       [0, 0, 0, 1, 0, 0, 0, 1, 1, 0, 0, 0, 0, 0, 0, 0, 0, 0, 0, 0],\n",
      "       [0, 0, 0, 0, 1, 0, 1, 0, 0, 1, 0, 1, 1, 0, 0, 1, 1, 0, 0, 0],\n",
      "       [1, 0, 0, 0, 0, 1, 0, 0, 0, 0, 1, 0, 0, 1, 1, 0, 0, 1, 1, 1]]), array([[1, 1, 1, 0, 0, 1, 0, 0, 0, 0, 0, 0, 0, 0, 0, 0, 0, 0, 0, 0],\n",
      "       [0, 0, 0, 1, 1, 0, 0, 1, 1, 1, 0, 0, 0, 1, 0, 1, 1, 0, 0, 0],\n",
      "       [0, 0, 0, 0, 0, 0, 0, 0, 0, 0, 0, 1, 1, 0, 1, 0, 0, 0, 0, 1],\n",
      "       [0, 0, 0, 0, 0, 0, 1, 0, 0, 0, 1, 0, 0, 0, 0, 0, 0, 1, 1, 0]]), array([[1, 1, 0, 0, 0, 0, 0, 1, 0, 0, 0, 1, 0, 1, 0, 0, 1, 0, 0, 0],\n",
      "       [0, 0, 1, 1, 0, 1, 1, 0, 1, 0, 0, 0, 0, 0, 1, 0, 0, 0, 0, 0],\n",
      "       [0, 0, 0, 0, 0, 0, 0, 0, 0, 0, 0, 0, 1, 0, 0, 0, 0, 1, 0, 0],\n",
      "       [0, 0, 0, 0, 1, 0, 0, 0, 0, 1, 1, 0, 0, 0, 0, 1, 0, 0, 1, 1]]), array([[1, 1, 0, 0, 1, 1, 0, 0, 0, 1, 0, 0, 0, 0, 0, 0, 0, 0, 0, 0],\n",
      "       [0, 0, 0, 0, 0, 0, 0, 0, 1, 0, 0, 0, 0, 0, 1, 1, 1, 1, 0, 1],\n",
      "       [0, 0, 0, 0, 0, 0, 1, 0, 0, 0, 1, 1, 1, 0, 0, 0, 0, 0, 0, 0],\n",
      "       [0, 0, 1, 1, 0, 0, 0, 1, 0, 0, 0, 0, 0, 1, 0, 0, 0, 0, 1, 0]]), array([[0, 1, 0, 0, 0, 0, 1, 0, 0, 0, 0, 1, 0, 0, 0, 0, 0, 0, 0, 0],\n",
      "       [0, 0, 1, 0, 0, 0, 0, 1, 1, 0, 1, 0, 0, 1, 1, 1, 0, 1, 0, 0],\n",
      "       [1, 0, 0, 0, 0, 1, 0, 0, 0, 0, 0, 0, 1, 0, 0, 0, 1, 0, 0, 0],\n",
      "       [0, 0, 0, 1, 1, 0, 0, 0, 0, 1, 0, 0, 0, 0, 0, 0, 0, 0, 1, 1]]), array([[0, 1, 0, 1, 1, 0, 1, 0, 0, 0, 0, 0, 0, 0, 0, 1, 1, 0, 0, 0],\n",
      "       [0, 0, 0, 0, 0, 0, 0, 0, 1, 1, 0, 0, 0, 1, 1, 0, 0, 0, 0, 0],\n",
      "       [0, 0, 1, 0, 0, 0, 0, 1, 0, 0, 0, 1, 1, 0, 0, 0, 0, 1, 0, 0],\n",
      "       [1, 0, 0, 0, 0, 1, 0, 0, 0, 0, 1, 0, 0, 0, 0, 0, 0, 0, 1, 1]]), array([[1, 1, 0, 0, 0, 1, 0, 0, 0, 0, 0, 0, 0, 0, 1, 1, 1, 1, 0, 1],\n",
      "       [0, 0, 1, 1, 0, 0, 0, 0, 1, 0, 0, 0, 0, 0, 0, 0, 0, 0, 0, 0],\n",
      "       [0, 0, 0, 0, 1, 0, 1, 0, 0, 1, 0, 0, 1, 0, 0, 0, 0, 0, 0, 0],\n",
      "       [0, 0, 0, 0, 0, 0, 0, 1, 0, 0, 1, 1, 0, 1, 0, 0, 0, 0, 1, 0]]), array([[1, 1, 0, 0, 0, 0, 1, 1, 0, 0, 0, 0, 0, 0, 0, 0, 0, 0, 0, 0],\n",
      "       [0, 0, 1, 1, 0, 0, 0, 0, 1, 0, 0, 0, 0, 0, 1, 0, 0, 0, 0, 1],\n",
      "       [0, 0, 0, 0, 0, 1, 0, 0, 0, 0, 1, 1, 1, 0, 0, 0, 0, 0, 0, 0],\n",
      "       [0, 0, 0, 0, 1, 0, 0, 0, 0, 1, 0, 0, 0, 1, 0, 1, 1, 1, 1, 0]]), array([[0, 1, 1, 0, 0, 0, 1, 0, 0, 0, 1, 0, 0, 1, 0, 1, 0, 1, 0, 0],\n",
      "       [0, 0, 0, 1, 0, 0, 0, 0, 1, 0, 0, 0, 0, 0, 1, 0, 0, 0, 0, 0],\n",
      "       [0, 0, 0, 0, 0, 0, 0, 1, 0, 0, 0, 0, 1, 0, 0, 0, 0, 0, 0, 0],\n",
      "       [1, 0, 0, 0, 1, 1, 0, 0, 0, 1, 0, 1, 0, 0, 0, 0, 1, 0, 1, 1]]), array([[0, 1, 0, 0, 1, 0, 1, 0, 0, 1, 1, 0, 0, 0, 0, 0, 0, 0, 0, 0],\n",
      "       [1, 0, 0, 0, 0, 1, 0, 1, 1, 0, 0, 0, 0, 1, 1, 1, 1, 0, 0, 0],\n",
      "       [0, 0, 0, 0, 0, 0, 0, 0, 0, 0, 0, 1, 1, 0, 0, 0, 0, 1, 0, 0],\n",
      "       [0, 0, 1, 1, 0, 0, 0, 0, 0, 0, 0, 0, 0, 0, 0, 0, 0, 0, 1, 1]]), array([[0, 1, 1, 1, 1, 0, 0, 0, 0, 1, 0, 1, 0, 0, 0, 1, 1, 0, 0, 0],\n",
      "       [1, 0, 0, 0, 0, 1, 0, 1, 1, 0, 0, 0, 0, 0, 1, 0, 0, 0, 0, 0],\n",
      "       [0, 0, 0, 0, 0, 0, 1, 0, 0, 0, 1, 0, 1, 0, 0, 0, 0, 1, 0, 0],\n",
      "       [0, 0, 0, 0, 0, 0, 0, 0, 0, 0, 0, 0, 0, 1, 0, 0, 0, 0, 1, 1]])]\n"
     ],
     "output_type": "stream"
    }
   ],
   "source": [
    "def repeat(solutions, solutions_list):\n",
    "    solutions_l = np.array(solutions_list)\n",
    "    b = 0\n",
    "    for i in range(len(solutions_list)):\n",
    "        if ((solutions == solutions_l[i]).all()) == True and len(solutions_l[i]) != 20:\n",
    "            b = 1\n",
    "    return b           \n",
    "\n",
    "\n",
    "def init_solutions(city, serve_position, neighbor_metric):\n",
    "    k = 0\n",
    "    \n",
    "    solutions_list = []\n",
    "    while k < 20:\n",
    "        a = 0\n",
    "        solutions = np.zeros((len(serve_position),city),dtype=int)\n",
    "        for i in range(city):\n",
    "            if i == 1 or i == 8 or i == 12 or i==18:# i == 1 or i == 8 or i == 12 or i==18\n",
    "                solutions[a][i] = 1\n",
    "                a = a+1\n",
    "            else:               \n",
    "                j = np.random.choice(serve_center)\n",
    "                solutions[j][i] = 1\n",
    "        if neighbor(solutions, neighbor_metric) == 0 and repeat(solutions, solutions_list) == 0:\n",
    "            k = k + 1\n",
    "            solutions_list.append(solutions)\n",
    "    return solutions_list\n",
    "solutions_list = init_solutions(city, serve_position, neighbor_metric)\n",
    "print(solutions_list)\n"
   ],
   "metadata": {
    "collapsed": false,
    "pycharm": {
     "name": "#%%\n",
     "is_executing": false
    }
   }
  }
 ],
 "metadata": {
  "kernelspec": {
   "name": "jupy",
   "language": "python",
   "display_name": "'Python(jupy)'"
  },
  "language_info": {
   "codemirror_mode": {
    "name": "ipython",
    "version": 2
   },
   "file_extension": ".py",
   "mimetype": "text/x-python",
   "name": "python",
   "nbconvert_exporter": "python",
   "pygments_lexer": "ipython2",
   "version": "2.7.6"
  },
  "pycharm": {
   "stem_cell": {
    "cell_type": "raw",
    "source": [],
    "metadata": {
     "collapsed": false
    }
   }
  }
 },
 "nbformat": 4,
 "nbformat_minor": 0
}